 4.20000000e+01 1.20000000e+01 2.00700000e+03 0.00000000e+00
 2.30000000e+01 1.20000000e+01 2.00700000e+03 0.00000000e+00
 2.10000000e+01 9.00000000e+00 2.01000000e+03 0.00000000e+00
 3.50000000e+01 5.00000000e+00 2.00200000e+03 7.00000000e+00
 4.40000000e+01 2.00000000e+00 2.01100000e+03 4.00000000e+00
 4.00000000e+00 7.00000000e+00 2.01100000e+03 4.80000000e+01
 9.70000000e+01 7.00000000e+00 2.01100000e+03 0.00000000e+00
 2.40000000e+01 3.00000000e+00 2.00500000e+03 3.90000000e+01
 8.60000000e+01 9.00000000e+00 2.00900000e+03 0.00000000e+00
 9.30000000e+01 1.20000000e+01 2.00700000e+03 9.80000000e+01
 2.80000000e+01 2.00000000e+00 2.00900000e+03 0.00000000e+00
 9.00000000e+00 8.00000000e+00 2.01100000e+03 0.00000000e+00
 3.00000000e+01 6.00000000e+00 2.00100000e+03 0.00000000e+00
 3.00000000e+00 1.00000000e+01 2.00600000e+03 0.00000000e+00
 6.40000000e+01 1.10000000e+01 2.00400000e+03 0.00000000e+00
 8.50000000e+01 9.00000000e+00 2.01000000e+03 0.00000000e+00
 6.70000000e+01 5.00000000e+00 2.01200000e+03 9.10000000e+01
 1.80000000e+01 1.10000000e+01 2.01000000e+03 0.00000000e+00
 4.70000000e+01 8.00000000e+00 2.00100000e+03 0.00000000e+00
 5.80000000e+01 1.10000000e+01 2.00200000e+03 7.50000000e+01
 9.70000000e+01 1.00000000e+00 2.01200000e+03 8.10000000e+01
 8.00000000e+00 3.00000000e+00 2.01100000e+03 0.00000000e+00
 6.80000000e+01 9.00000000e+00 2.00200000e+03 9.90000000e+01
 7.60000000e+01 3.00000000e+00 2.01000000e+03 0.00000000e+00
 6.00000000e+00 6.00000000e+00 2.00500000e+03 2.40000000e+01
 2.90000000e+01 4.00000000e+00 2.01200000e+03 8.50000000e+01
 1.00000000e+02 6.00000000e+00 2.00100000e+03 7.40000000e+01
 9.30000000e+01 9.00000000e+00 2.01100000e+03 0.00000000e+00
 8.90000000e+01 1.20000000e+01 2.00600000e+03 0.00000000e+00
 9.70000000e+01 1.00000000e+00 2.00500000e+03 0.00000000e+00
 2.40000000e+01 1.10000000e+01 2.00800000e+03 0.00000000e+00
 6.40000000e+01 4.00000000e+00 2.01100000e+03 0.00000000e+00
 9.40000000e+01 2.00000000e+00 2.01000000e+03 0.00000000e+00
 1.90000000e+01 8.00000000e+00 2.01200000e+03 9.60000000e+01
 1.50000000e+01 2.00000000e+00 2.00300000e+03 0.00000000e+00
 5.60000000e+01 8.00000000e+00 2.00900000e+03 0.00000000e+00
 6.60000000e+01 6.00000000e+00 2.00600000e+03 4.60000000e+01
 4.10000000e+01 9.00000000e+00 2.00500000e+03 0.00000000e+00
 8.40000000e+01 4.00000000e+00 2.00000000e+03 9.00000000e+00
 6.20000000e+01 6.00000000e+00 2.00200000e+03 3.10000000e+01
 3.00000000e+00 1.20000000e+01 2.01300000e+03 0.00000000e+00
 8.00000000e+00 4.00000000e+00 2.00100000e+03 3.50000000e+01
 7.00000000e+01 1.10000000e+01 2.00700000e+03 6.20000000e+01
 3.20000000e+01 1.00000000e+01 2.01300000e+03 6.40000000e+01
 6.80000000e+01 1.00000000e+01 2.01100000e+03 2.60000000e+01
 9.20000000e+01 2.00000000e+00 2.00300000e+03 9.70000000e+01
 8.30000000e+01 1.20000000e+01 2.00700000e+03 4.80000000e+01
 8.10000000e+01 7.00000000e+00 2.00000000e+03 0.00000000e+00
 4.30000000e+01 1.00000000e+01 2.00000000e+03 1.00000000e+00
 1.60000000e+01 1.00000000e+00 2.00500000e+03 0.00000000e+00
 8.00000000e+00 2.00000000e+00 2.00700000e+03 0.00000000e+00
 9.60000000e+01 3.00000000e+00 2.00600000e+03 7.30000000e+01
 4.80000000e+01 7.00000000e+00 2.00500000e+03 1.20000000e+01
 1.80000000e+01 9.00000000e+00 2.01100000e+03 6.50000000e+01
 5.90000000e+01 1.10000000e+01 2.00500000e+03 5.00000000e+00
 7.50000000e+01 1.20000000e+01 2.01100000e+03 0.00000000e+00
 4.90000000e+01 9.00000000e+00 2.00500000e+03 2.50000000e+01
 7.60000000e+01 7.00000000e+00 2.00000000e+03 6.30000000e+01
 8.70000000e+01 2.00000000e+00 2.00800000e+03 0.00000000e+00
 1.90000000e+01 1.20000000e+01 2.00500000e+03 0.00000000e+00
 2.70000000e+01 1.10000000e+01 2.01000000e+03 8.60000000e+01
 2.00000000e+01 3.00000000e+00 2.00000000e+03 7.20000000e+01
 1.00000000e+00 1.00000000e+00 2.01100000e+03 1.90000000e+01
 9.80000000e+01 1.20000000e+01 2.00900000e+03 4.00000000e+01
 1.50000000e+01 9.00000000e+00 2.00700000e+03 6.70000000e+01
 4.60000000e+01 2.00000000e+00 2.00200000e+03 7.80000000e+01
 4.50000000e+01 2.00000000e+00 2.00900000e+03 9.70000000e+01
 6.00000000e+00 5.00000000e+00 2.00600000e+03 3.20000000e+01
 7.20000000e+01 2.00000000e+00 2.01000000e+03 9.00000000e+00
 7.50000000e+01 4.00000000e+00 2.00700000e+03 1.40000000e+01
 2.00000000e+01 8.00000000e+00 2.00300000e+03 4.00000000e+00
 7.50000000e+01 5.00000000e+00 2.00000000e+03 6.40000000e+01
 0.00000000e+00 9.00000000e+00 2.00900000e+03 7.80000000e+01
 3.00000000e+01 2.00000000e+00 2.01100000e+03 5.20000000e+01
 9.50000000e+01 2.00000000e+00 2.00600000e+03 3.10000000e+01
 1.20000000e+01 1.00000000e+00 2.01200000e+03 0.00000000e+00
 1.10000000e+01 1.00000000e+00 2.01200000e+03 7.70000000e+01
 5.40000000e+01 2.00000000e+00 2.00500000e+03 2.00000000e+01
 7.90000000e+01 7.00000000e+00 2.00600000e+03 0.00000000e+00
 3.00000000e+00 5.00000000e+00 2.00600000e+03 0.00000000e+00
 8.40000000e+01 3.00000000e+00 2.01300000e+03 1.00000000e+02
 5.10000000e+01 1.00000000e+00 2.01100000e+03 0.00000000e+00
 1.00000000e+01 1.00000000e+01 2.00500000e+03 1.20000000e+01
 1.00000000e+02 5.00000000e+00 2.01300000e+03 0.00000000e+00
 6.30000000e+01 4.00000000e+00 2.00800000e+03 0.00000000e+00
 6.20000000e+01 1.00000000e+00 2.00500000e+03 0.00000000e+00
 5.90000000e+01 1.00000000e+00 2.00400000e+03 4.20000000e+01
 4.90000000e+01 3.00000000e+00 2.00900000e+03 0.00000000e+00
 1.90000000e+01 4.00000000e+00 2.00500000e+03 2.20000000e+01
 5.10000000e+01 1.10000000e+01 2.00500000e+03 8.20000000e+01
 3.70000000e+01 2.00000000e+00 2.01300000e+03 0.00000000e+00
 2.70000000e+01 4.00000000e+00 2.00300000e+03 9.00000000e+00
 7.50000000e+01 3.00000000e+00 2.00500000e+03 8.00000000e+01
 6.00000000e+00 1.20000000e+01 2.00600000e+03 0.00000000e+00
 2.30000000e+01 5.00000000e+00 2.00700000e+03 0.00000000e+00
 5.70000000e+01 9.00000000e+00 2.00200000e+03 0.00000000e+00
 2.30000000e+01 1.10000000e+01 2.00100000e+03 2.80000000e+01
 7.00000000e+00 9.00000000e+00 2.00600000e+03 7.00000000e+01
 1.90000000e+01 3.00000000e+00 2.00400000e+03 0.00000000e+00
 7.10000000e+01 6.00000000e+00 2.00300000e+03 0.00000000e+00
